data.length <- 100
sim.size <- 5000
phi <- c(-1, 1)