sim.size <- 5000